env1:
  end1: [0.642, -0.183, 0.245]
  end2: [0.642, -0.066, 0.245]
  end3: [0.642, 0.05, 0.245]
  end4: [0.642, 0.165, 0.245]
  end5: [0.6803450696848314, -0.18337867433265154, 0.17079935997744705]
  end6: [0.6109573348527996, 0.01636497509805393, 0.29395179033584345]
  end7: [0.7390758350775729, 0.046889184453295416, 0.3107655175915708]
  end8: [0.6653306329259997, 0.22249670486051398, 0.14575486386148848]
env2:
  end1: [0.642, -0.183, 0.345]
  end2: [0.542, -0.066, 0.245]
  end3: [0.642, 0.05, 0.345]
  end4: [0.542, 0.165, 0.245]
  end5: [0.6489282869004593, -0.2164977826199088, 0.4301675501325206]
  end6: [0.6843508957123461, 0.003686658911729729, 0.34315847225124424]
  end7: [0.8103063656888732, 0.06640635832266294, 0.341487007323023]
  end8: [0.5786652217141348, 0.12520784555481557, 0.3258326132562337]
env3:
  end1: [0.542, -0.183, 0.145]
  end2: [0.642, -0.066, 0.245]
  end3: [0.642, 0.05, 0.245]
  end4: [0.542, 0.165, 0.145]
  end5: [0.5736032206795152, -0.14468312401904876, 0.21479672491764507]
  end6: [0.6281899897145877, 0.03075965088039584, 0.3299895822076421]
  end7: [0.726221182845262, 0.10064320799233402, 0.28259602854094257]
  end8: [0.5244589672585988, 0.17554452172226773, 0.20518477791978235]
